1110
2779
2780
2778
3076
1448
1009
8685
3049
2864
12117
12116
3339
1466
1297
2638
1366
9599
7519
7518
7517
7516
9598
7515
7523
7522
7521
7520
7514
7513
9597
7512
7511
7510
7787
7509
7508
8885
7507
7506
7505
7504
7503
7786
7502
7501
7499
7498
9596
7497
7496
9595
7495
7494
7493
7492
7491
7490
7489
7785
7784
9594
7488
13422
13421
2820
3095
11407
11406
3343
3340
7783
2569
6764
2366
2369
3040
3041
2367
1041
4663
1039
2295
995
10538
10537
10536
2915
10535
10534
10533
1619
10532
10531
10530
10529
10528
2294
996
1888
1001
10527
10525
10524
10523
1848
13471
13472
13488
13487
13486
13485
13484
13483
13482
13481
13480
13479
13478
13477
13476
13490
3400
1847
1079
1853
1852
2531
8973
8884
8883
8502
1858
4662
4661
10515
993
4660
990
991
1343
1723
2850
789
1052
1051
2138
2137
3018
3025
1050
6763
6762
6761
6760
6759
6758
6757
6756
6755
6754
6753
7782
7781
7780
7779
7778
7777
7776
7775
7774
7773
7772
7771
7770
7769
7768
7767
7766
7765
11879
11878
11876
10544
11881
11880
12873
10546
10545
10543
10610
11875
10541
10542
10609
10608
10607
10540
7763
7762
7761
6752
6751
6750
6749
6748
6747
6746
6745
6744
6743
6742
6741
6740
6739
6738
6737
6736
6735
6734
6733
6732
6731
13551
13550
13549
13548
13547
13546
13545
13544
13543
13542
13541
13540
13539
13538
13537
13536
13535
13534
13533
13532
13531
13530
13529
13528
13527
13526
13525
13524
13523
13522
13521
13520
13519
13518
13517
13516
13515
13514
13513
13512
13511
13510
13509
13508
13507
13506
13505
13504
13503
13502
13501
13500
13499
13498
12028
6730
8109
10539
7258
4659
4658
2829
12794
12793
13100
13099
13097
13096
13095
13094
13092
8971
8811
8684
8683
8682
11708
11281
11948
11747
11290
11279
11278
11289
11276
11288
11274
11287
11272
11271
11270
11269
11286
11267
11266
11285
11264
8810
8427
8426
8425
8424
8423
8422
8421
8420
8419
8418
8681
8680
8679
8678
8677
8676
9106
9105
9103
9592
9101
12107
9100
9099
9098
9096
9095
9093
9091
9090
9089
9088
9087
9086
9084
9083
9082
9081
11188
9079
9078
8836
8808
8807
11292
11293
11263
11283
11262
11261
11260
8806
8805
8804
8835
8802
8801
8800
8834
8798
8797
8833
13565
13564
8793
8795
8794
8832
8791
8831
8789
8788
8787
8830
8786
8784
8783
8782
8781
8780
8779
8829
8777
8776
8775
8774
8773
12231
12240
12239
12230
12229
12228
8417
11746
11745
11744
11743
11742
11741
11740
11739
11738
8416
12516
12515
12514
12513
12512
12511
12510
12518
12517
12227
12226
12225
12224
12223
12222
12221
11187
11186
8772
8771
8770
8429
11955
2735
12170
12169
12168
2720
804
872
865
876
2916
11793
11792
9077
11789
8968
11790
8966
8965
11546
12432
9591
11791
11788
8967
8964
2314
12431
12429
6729
12430
1833
2053
2052
2079
1819
1997
1818
2010
2011
1447
1825
1907
3231
4657
966
3232
1800
4656
4655
1444
1446
1445
2608
3153
1084
2534
12071
12070
8963
8962
12950
12978
11352
8961
11350
11351
8960
12977
8959
1305
3165
2518
4654
11201
12792
12220
2616
2617
1886
2383
1130
1429
8047
12327
3324
3306
3377
3375
888
1686
3309
2156
1384
3195
2401
12246
8958
11787
8957
12638
11965
2931
9590
10148
11534
9589
11533
9588
10147
11532
9587
11531
10146
11530
9586
11529
9626
10145
11528
9585
11527
9625
782
13277
10144
11526
9584
11525
13276
13170
10143
11524
9583
11523
9623
9076
8674
6728
12833
8106
8105
2930
2311
11934
8104
2831
11372
1628
1827
10755
1832
1659
3279
3281
1536
1829
7487
6726
12976
2491
1821
10142
1260
2299
1279
2316
11371
2313
3051
13058
13057
13056
12147
2301
1277
791
7256
7257
4653
4652
4651
2530
2317
1802
8673
1565
2091
2100
2090
1276
1262
1261
2302
1317
1375
2460
2459
2312
2960
2893
7758
8414
2318
2475
2520
2488
2464
8881
2362
4650
2444
4648
4649
954
3323
1987
953
1491
1168
2463
2825
938
1045
12487
12486
12485
12484
7255
7254
7253
7252
7251
11405
6724
1022
1040
2358
1077
2510
1623
3192
1158
1364
2924
2175
1208
3191
6725
2583
2066
1098
772
2135
2409
1250
2465
2292
2613
2922
2576
2296
11707
1392
1670
1710
1144
2308
1229
12192
2130
2287
1090
1137
2074
2078
2076
2119
2122
2073
2077
1226
1255
2310
2326
2398
862
2906
3092
1350
2921
773
1293
2065
9581
2293
3093
3094
766
1978
1337
1319
4647
2128
2142
3193
1730
3334
3263
1331
1152
8413
1093
1528
4646
2963
1002
11842
11841
11840
11839
11838
11837
11836
11835
11834
11833
11832
11831
4639
4640
2636
2918
12069
4638
2102
2101
2589
1013
1803
12103
3004
2418
2419
1181
2298
1689
1506
2993
1736
1703
3096
3360
3361
2917
3346
12749
3356
2962
2319
13457
13456
13455
13454
13453
13452
13451
13450
13449
8410
8409
8408
8407
8406
8405
8404
9075
9074
9073
9072
9071
9070
9069
9068
9067
8956
2453
12058
2354
1922
1747
1805
1823
1618
1831
1326
3002
3003
2353
12102
1651
1510
6722
3389
3385
3391
7486
3388
3384
3390
3386
3382
3392
3383
8588
8589
9066
761
11969
10514
7250
1578
2300
3115
3117
3114
3116
3119
3122
3118
3120
12663
12662
1759
3083
2013
2014
2012
2015
1576
3189
2632
3188
2633
3176
1291
1952
2045
2406
2042
2056
3174
3077
1992
1121
1682
2168
3148
2654
2653
2655
1593
2923
11575
11574
11573
11572
11571
12604
754
7046
7045
7044
7043
7042
7041
7040
11706
11705
11704
1550
2661
2902
3005
2999
6720
2084
3085
12581
2745
4637
12056
12052
3074
13383
12054
12053
13382
12055
2762
11952
11370
2785
7039
2687
7038
3319
3318
1965
1966
1967
1964
1963
1962
3411
2783
3374
3369
3368
2461
3371
3370
8403
2341
1595
1594
1596
1034
1029
6719
10665
13447
10663
10662
11119
11118
11120
13446
10660
10659
13445
11117
13444
13443
11672
11671
11670
10688
11900
12428
12427
10687
12051
11669
10686
10685
11522
10684
11521
10683
10682
11520
10681
11519
10680
11518
10679
11517
10678
10677
11516
10676
11515
10675
13275
10674
11514
10673
11513
10672
13169
10671
11512
10670
11511
10669
11894
12832
10668
12748
13224
13223
13222
10667
10666
12050
12646
11590
12623
11933
12975
13168
13442
13441
12101
13440
10651
10650
10649
10648
1778
3171
2948
3396
2952
8880
8879
11668
11667
11666
11665
11664
11663
11662
11661
11660
11659
11658
11657
11656
11655
11654
11653
11652
4636
3045
2989
2214
7485
7484
7757
7756
7755
7754
2724
2026
4635
1799
1906
6718
2025
9576
10139
11506
11505
9575
11504
11503
9574
10138
11502
11501
9573
11500
11499
9572
12974
9580
10141
11510
9579
11509
9578
10140
11508
9577
11507
9571
12411
824
10617
823
822
819
818
2845
6717
6716
12603
2443
2857
1694
1497
2506
3150
12747
12746
6715
2421
793
2987
2657
2835
2708
4634
11254
11253
11252
11251
11250
11249
11248
11247
11303
11246
11245
11301
3240
1957
4633
2739
2303
1924
1772
2307
2304
2306
4631
2309
3350
2322
4632
863
864
2790
2426
2771
2276
2731
1461
1633
1462
1896
851
12049
10611
1558
1162
1744
2254
1763
1742
3212
3088
2543
2677
1749
4629
2782
3348
2838
2658
3125
3358
2904
3354
3349
2490
1368
12745
992
12100
1705
1574
2338
3347
2113
8745
8402
1557
2374
3398
2936
2955
6714
12167
1666
3327
978
3207
1502
2599
2097
2414
2253
2033
2713
2132
1242
1650
1735
1089
8671
8670
8669
8668
8667
8878
1112
1587
12897
2626
2859
2794
7249
2742
2776
2494
2379
1775
6713
6712
6711
1252
1122
957
1796
10137
11497
11496
11494
11493
8744
8743
9621
8740
2482
1046
1227
3205
3372
1556
1425
1519
1901
1211
1189
10134
11490
11489
11488
11487
8665
8664
9619
9566
8662
3336
2256
2257
1308
1186
1480
1602
2637
8587
8586
8585
8584
8583
8582
8581
8580
8579
8578
8577
8576
8575
8574
8573
8572
8571
8570
8569
8568
8567
8566
8565
8564
8563
8561
8666
8562
8560
8559
8558
8557
8556
8553
8555
8554
8552
8550
8543
8534
8549
8548
8547
8546
8545
8544
8542
8541
8540
8539
8538
8537
8536
8535
8533
11349
8532
8531
8529
8528
8530
8527
8526
8525
8524
8523
8551
8522
2775
1601
11737
11702
1490
1672
1598
1256
2422
1842
1325
1324
3106
1321
1323
6710
4627
8401
1345
1344
12669
1418
1285
10647
1320
1353
1359
1358
1357
1356
1354
1314
1313
1312
1770
1302
1303
1767
9570
10136
11498
9569
11495
8741
9568
10135
11492
9567
11491
8739
9565
1591
932
7037
9112
8661
8660
2072
1589
3075
952
1678
4626
2429
2157
3091
3087
2255
9023
1567
1295
1542
8102
12048
8955
8954
8953
8952
12831
1956
1958
10513
3380
2682
1253
2125
12047
13381
13380
12044
2639
4625
1472
1474
4624
4623
4622
4621
1475
1179
8400
8399
8398
3032
3034
3033
1154
2529
7479
12896
12895
12894
12893
1420
1419
1426
1433
2512
1423
1427
12892
12947
9065
12555
1428
12550
3101
2450
2259
2387
2839
12043
2704
1637
2439
2591
1834
12922
1315
2431
1551
2551
1605
1824
3275
4620
1604
11701
11700
11699
11736
11697
11696
11695
11694
11693
11692
11691
11690
11689
11688
11687
11686
11685
11684
11683
12973
8951
1504
11298
11348
8496
6709
2797
2131
12324
2280
8397
6708
8877
3338
846
3403
1044
1014
3245
2665
2662
3239
3237
3238
7036
1012
853
1015
3246
12099
7245
1563
1702
9564
7478
7477
7476
7244
7243
7242
7241
7240
7239
7753
7752
7751
7750
7749
7748
7747
7746
7745
7744
9563
7238
7237
7236
7235
7234
7233
7232
7231
7230
7229
7228
7227
7226
7225
1691
2868
1807
12602
12601
12612
12611
12600
12599
2625
7248
7247
1568
753
752
751
2860
7224
7223
7222
13439
12579
1692
2357
2264
2823
2149
3274
3280
3276
3345
11752
3204
2555
1484
1580
1704
2747
2672
12323
12322
2830
1582
12498
2399
8876
1464
11830
2251
2903
1035
1023
8396
8659
8495
11347
11345
11346
8950
3152
3187
3186
1061
1062
8395
4619
4618
4617
4616
4615
4613
1785
2895
3164
2448
2447
2057
1639
2289
8658
2252
935
2961
820
1509
2489
1066
1215
2484
1661
2423
2550
11404
2267
2449
994
8657
1828
3182
1529
1281
2281
2269
2268
1885
1877
1878
1378
1192
2356
2352
3059
3060
2451
8875
1415
2753
2286
2022
1942
1526
1714
2953
1390
1166
2283
2285
1762
7579
1280
12573
9015
11954
8655
11953
8653
1064
12097
1102
1031
8652
7474
1027
999
3260
8521
3266
3268
4612
4611
2139
2282
3089
12096
6707
11369
4610
2723
2260
2722
2821
3048
8046
8045
12339
8044
8043
8042
8394
12042
8041
8040
8039
13083
11344
8038
8037
8036
8393
8651
12321
8035
8034
8033
2424
2588
1247
12041
2417
1020
1018
12040
3044
2861
973
974
2623
2628
8032
2517
1213
6706
6705
6704
6703
6702
6701
6700
6699
6698
1561
1177
1518
1726
1717
1221
1930
2055
2054
3234
1806
2770
2940
2804
1533
1931
2504
1804
8031
13082
13081
8650
1188
1932
1933
3071
2736
8030
1871
2767
2766
3047
2748
12744
2337
2732
2789
2760
2769
1204
1203
1202
1201
1200
1199
1198
1185
1232
1207
1206
1205
1184
812
2740
2678
2336
1095
12637
12636
2574
3342
2573
2368
775
2261
2946
2822
2761
1239
2606
2271
3069
2607
2802
2800
2733
8391
764
12334
1979
3308
1235
1911
3357
7743
2833
2832
1794
2755
8392
2799
2798
8029
8949
8948
8947
8649
9618
2744
3154
1467
1339
8390
3244
8028
2114
2047
1294
4608
8648
867
1024
1183
947
941
2897
1104
2796
1988
11367
13274
13273
10133
11485
11484
11482
11481
13270
8646
13269
8644
13165
13164
10130
11478
11477
11476
11475
8643
8642
9616
9559
8640
1067
8639
843
12039
12038
12037
11651
12743
6697
834
8729
831
842
857
8385
838
8736
8493
841
859
4607
860
8384
7742
8946
8728
8492
8945
12830
12829
839
840
835
8383
837
836
12320
830
832
11932
833
13417
8382
12319
8638
12742
12741
13272
13271
9562
10132
11486
9561
11483
8738
13167
13166
10131
11480
9560
11479
8737
9558
2725
3080
2627
790
8027
3019
2483
2718
3402
8491
2817
2888
2134
2737
2738
3024
1993
3310
7473
8490
7034
2935
2816
7472
8026
893
2266
931
912
1471
2174
844
960
3300
1991
1989
1990
2969
2965
8637
2774
2949
3297
961
3298
2852
7741
2950
963
3299
1929
962
4605
964
1036
7471
11595
11735
891
3362
1342
7470
7469
1939
2263
769
4604
3196
3376
1128
11113
11112
11111
11110
768
8025
795
12891
3102
12890
12889
12888
12887
3099
3103
12917
3104
3105
4603
4602
13221
12317
13220
13219
13218
1124
2330
3016
1920
11109
11108
11107
2883
2885
2881
2275
2884
2886
3017
2882
1452
8873
2719
1120
2726
2454
2843
2827
2493
2716
929
4601
7221
8635
9515
10117
11450
9514
11449
12308
9513
9512
9511
9510
11448
9509
11447
9508
11446
9507
11445
9506
9505
1075
1076
1074
825
6696
827
826
817
828
2715
11890
11888
11887
2151
2150
2765
11886
11885
11889
1233
7468
7467
750
3197
12915
12094
12095
8636
8872
12425
11785
11784
8944
12036
11650
9551
10129
11474
9550
11473
9549
10128
11472
9548
11471
12739
9547
10127
11470
9546
11469
8871
9545
10126
11468
9544
11467
8870
12597
13268
13267
9543
10125
11466
9542
11465
8869
13163
13162
9541
10124
11464
9540
11463
8868
11892
12828
13241
13216
13215
13240
12035
8867
8866
12645
11569
12622
11931
13438
12972
13161
12034
8865
8864
8863
8862
8861
8860
8859
8858
11783
9538
9537
9536
9535
9534
9533
9532
11782
11781
12424
12423
9530
12033
11649
9529
10123
11462
9528
11461
9527
10122
11460
9526
11459
10121
11458
9525
11457
9524
10120
11456
9523
11455
9522
12596
13266
10119
11454
9521
11453
13265
13160
10118
11452
9519
11451
9518
11891
12827
9517
12738
13239
13214
13213
12032
9516
12644
11568
11567
12621
11930
12971
13437
13159
7220
2105
11786
12426
9557
9556
9555
9554
12598
9553
9552
11893
12740
13217
11570
12031
12970
13158
13238
12969
13157
3283
1641
12219
12218
8693
8381
8380
7740
4600
3202
3201
8769
4599
6695
4598
4597
13212
3199
937
2975
8727
7739
7738
13055
2159
1788
2278
11939
7737
4596
2279
2380
2815
4594
1626
1627
1625
1643
2764
2855
2945
2273
2152
2161
1290
801
873
874
2809
2768
11870
11869
11868
11867
11866
11865
11863
11862
11861
1761
2325
1581
11968
2408
2407
8768
1586
12762
12762
2381
2385
2384
1101
1535
1746
1801
4593
1617
1797
1830
1562
2772
2734
3050
2951
2928
2596
3026
1094
1146
4592
1400
1499
1087
1451
2496
6693
2752
3291
2485
2528
1923
6691
2363
2462
2291
8634
1570
8692
13237
12968
13156
2792
1588
1905
1645
1571
1572
3082
1566
8379
8378
2968
2061
8377
1646
3290
8691
1573
1890
3162
4591
1515
1514
2116
1516
1517
2571
2123
1555
2826
12422
3001
8943
821
868
866
871
870
1613
8376
3067
3068
2360
2173
2166
2171
2172
2359
2162
2165
2163
2164
3288
13080
2290
3286
2377
2604
3053
2284
3123
3130
1403
3129
3131
3127
3128
1560
1119
10512
10502
12789
12788
12787
12786
12785
10754
12460
12784
12264
12263
8375
12783
10753
12459
11200
11199
11198
11197
11196
778
2522
2909
11195
11194
11193
777
11192
11191
11190
1760
4590
1385
2786
2818
2728
3147
3146
3393
2729
13379
2717
8857
8856
2274
8855
3277
2250
13347
13346
13345
13344
13343
13342
13341
13340
13339
13338
13337
13336
13335
13334
13333
13332
13331
13330
13329
13328
13327
11566
900
1237
1635
1544
1414
3008
2964
1412
2388
3258
2396
2395
1530
1388
6690
4589
6689
1546
1731
1732
1547
12595
12068
12066
12065
12064
12063
12062
12061
12060
12059
2258
1318
2315
1117
2499
885
928
887
927
12779
949
799
950
956
2856
774
2996
2995
2480
4569
2994
3215
879
2474
3198
3214
877
2473
2548
3213
2479
2472
2476
2503
4570
3009
1512
1038
1169
1872
2265
3021
3022
2594
2487
3063
8100
2714
2688
4588
2595
3054
4587
1795
3065
2007
2006
2984
2262
12406
2069
2070
2093
3157
2272
1768
2347
8374
1752
1652
1114
3210
2991
2329
2683
2684
2679
2712
2676
2526
2371
762
1365
1341
2024
2695
2023
2992
3230
2160
1457
3219
3222
3223
3216
3217
3218
3181
3220
3221
4586
2048
1765
1455
2005
1274
3242
1352
1456
3036
2435
2434
1115
3208
1118
2067
3006
2001
1614
1999
2416
4585
2711
2547
1482
2404
2320
2051
3090
1348
1349
3243
1473
2577
2600
2601
2438
1808
3399
1740
2277
2240
7033
2560
2559
3042
1984
1928
1981
1925
1983
1927
1982
1926
12405
1880
1915
3061
2446
2458
1816
1837
1813
1814
1898
1893
1954
1894
1895
1299
1073
2478
923
4583
1521
4582
1170
4581
1481
2905
1677
1676
2089
1892
3011
1495
3039
2331
805
2248
1369
2947
2241
1881
1288
1287
1286
1630
1629
1284
1275
1937
1283
2226
2220
2219
2224
2222
2210
4580
1610
1150
1149
1148
8633
8632
1883
2236
2237
2244
1409
2234
2235
1408
1406
2238
2239
1904
1612
2581
2242
2228
2394
2392
2391
2390
2697
2071
2700
1771
1273
1230
2554
1750
4579
2667
2666
1836
4578
1840
1953
2121
1876
2445
1525
2689
4577
1994
1850
1458
2546
1675
1674
802
2225
2217
2216
2215
2213
2223
2221
2218
4576
2328
2246
2229
3027
3209
1493
1733
2873
3235
3037
2068
2004
1998
2000
2696
1882
2892
2891
2436
2437
2442
2561
4575
4574
2556
3395
1478
890
1338
1513
1540
1539
1537
7219
2648
2044
1657
1660
1780
1900
1899
951
2942
1851
1671
1697
1113
1209
2043
1611
1776
1511
1748
1476
1549
1548
2092
1879
1844
1809
2875
2227
3270
8489
8488
2144
4573
2094
2095
3132
3133
4572
3136
4571
3169
1738
1739
2582
2350
1720
2691
1722
2710
1141
1142
1695
1715
1468
1648
2346
3241
2339
1873
2457
1951
1376
2456
3014
3012
2247
2327
3289
1030
1068
1071
1072
1069
1070
2840
2837
2433
2432
2441
2403
2598
2378
2634
2233
4568
3408
3407
2232
2231
2933
2211
1147
12778
12777
12776
811
803
2974
794
12774
12773
2209
2208
10522
10521
2709
1485
1841
1135
1688
1913
3233
1382
1917
1713
4567
1839
1914
1134
1133
2578
2243
1909
1889
1869
3394
2521
1454
1453
3108
4566
1411
2516
2515
2514
2513
4565
882
2332
2333
2880
2245
1959
2016
3190
3225
2652
1655
1653
1258
2703
1254
2702
2323
1960
850
869
7218
2370
1916
2376
1815
2375
2552
1399
2477
1543
1438
2566
1401
3287
1488
12775
3028
1309
1884
1367
1310
1868
1887
2249
10520
3056
1370
1340
798
796
797
4564
3107
810
1789
2397
1870
2389
1891
2564
2567
1792
13211
1719
2565
8024
848
2207
3265
852
1552
1656
1654
1259
2656
892
7032
854
2519
3313
1608
2199
2650
2553
7736
7031
2646
2536
3256
3363
3255
3257
3337
942
2204
2871
3159
8373
3139
3168
1700
2321
2986
809
1826
8023
2355
2351
1410
12826
12813
12812
12811
12825
12824
12823
12821
12820
12819
12818
12817
12816
12815
12814
12810
7301
4563
4562
7300
4561
4560
2668
1021
1553
8974
8099
1000
6686
3341
3344
1236
3070
3397
7448
7447
2746
11589
2749
2848
2587
7217
7466
7465
7214
7464
7212
7463
7462
7461
7460
7210
7459
7209
7208
7207
7458
7457
7206
7456
7455
7205
7204
13264
7454
7202
7201
8372
7200
7199
7198
7197
7194
7193
9503
7196
7195
7192
7191
7190
7189
7188
7735
7187
7186
7453
7452
7734
7185
7184
7183
7182
8371
7181
8942
7451
7180
7179
7733
7178
8370
7177
7176
7175
7173
9502
7174
7172
7171
7732
7731
7170
7730
7169
7168
7167
7729
7165
7450
7163
7449
7162
8369
7161
7160
7728
7159
7158
7727
7726
7156
7725
7154
7153
7724
7151
7150
7149
8940
8939
8938
8937
8941
8487
8631
8486
8485
8484
8368
8367
8366
8365
8364
8363
8362
8361
8360
9501
9500
9499
9498
9497
9496
13468
11565
11564
13467
12967
13155
12737
12729
12728
12736
12735
12734
12733
12732
12731
12730
12727
12726
12725
12724
12723
12722
12721
12720
12719
12718
12717
12716
12715
12714
12713
12712
12711
10511
7030
7029
2203
1083
1151
8630
2985
2170
1822
8854
1782
1080
7524
2981
4559
2590
1028
13209
13208
13207
13236
1362
8767
8766
8765
8853
8764
8852
8828
8762
8761
8760
8759
8758
4558
4557
6685
1632
12404
12403
12402
12401
12400
12399
12398
12397
12396
12395
12394
12393
12392
12391
12390
12389
12388
12387
12386
12385
12384
12383
12382
12381
12380
12374
12373
12379
12378
12377
12376
12375
12372
12371
12370
12369
12368
12366
12365
12364
12363
12361
12362
12360
12359
12357
12358
12356
12355
12354
12353
12352
12351
2466
1389
2082
2335
2502
12217
12216
12215
12483
12214
12213
12212
12211
12350
12209
12444
12349
12206
12348
12204
12203
10646
1381
1380
2201
2562
1404
12303
12302
12301
12300
12299
12298
12297
12293
12292
12291
12290
12289
12288
12287
12305
13206
13205
13204
13203
13235
13234
12286
13202
12285
13200
13201
13115
13233
13210
2365
1685
1725
1081
1483
1590
3086
4556
3261
8520
3271
3269
1647
3073
2938
2937
2939
1501
4555
2934
1684
2941
1460
6684
3409
792
7446
7445
6683
6682
7028
7027
8851
2342
2343
2167
1016
1019
1017
1234
1238
9012
1111
9014
9013
9011
9495
9064
9009
3163
1949
2557
2046
2563
8629
940
2205
998
2618
7146
2202
1584
2206
8850
2575
2721
2537
11366
11365
1197
2603
4554
8022
3010
3170
11403
3084
2196
7723
2630
2191
3167
3155
3183
3137
3138
2060
1811
2041
1783
6678
1240
8483
2340
2900
7722
7721
2971
2972
2698
2699
2081
2080
1228
2195
13374
13378
13377
13420
13419
13376
13375
13373
13372
13371
8849
1679
1718
814
3253
1270
1244
2129
12661
1402
2887
2103
3254
6677
6676
6675
2814
2863
2877
1486
1243
1173
1662
1663
3206
1171
2176
1131
1251
8735
3158
4553
1082
4552
1172
1683
3038
2867
1435
815
1434
2190
1699
1443
1442
1245
3247
1266
12710
12709
1790
1791
1846
1503
2373
3058
1374
1336
1271
2372
2349
1950
1436
770
2064
1136
2147
1373
2862
1667
1272
2907
1361
1335
1980
1440
1269
2062
1793
1416
1398
2348
2063
1346
3203
1690
2140
813
1441
2364
1241
1439
12660
4490
4551
3250
1176
13114
1845
1139
1701
1941
3252
4550
3248
1265
3251
1268
2099
4491
11734
1132
12030
1347
4488
4549
1267
1758
3249
1372
2982
3013
2324
2983
3015
2980
2998
1430
1033
11960
12029
8357
3185
12093
8356
2402
3194
3184
3145
2509
2492
2124
12028
12027
13369
12025
13370
2943
3023
1191
3000
1086
10848
2781
855
3284
12708
12707
2751
2198
1624
2758
2828
2425
8353
8355
6674
11364
11231
13416
13415
13414
11244
11243
11228
13413
13412
13411
13410
13409
13408
13407
11227
11226
11860
11859
11858
11857
11856
11855
11854
11853
11852
11242
11225
11224
11241
11240
11239
11238
11237
11236
11235
11221
11851
11850
11849
11220
11234
11233
11217
11216
11215
11214
11213
7444
13368
6672
2866
12506
8354
1459
8352
8482
8351
8350
11184
2495
12024
12023
12022
3379
12092
11106
11105
11104
11114
11102
11101
889
3315
7720
7719
12202
8848
2793
11596
1500
12921
771
2192
11829
11828
779
4548
11827
11826
11825
11824
11823
11822
11821
11820
4547
11819
11818
11817
11816
11815
11814
11640
11639
11638
11637
11636
11813
11812
8021
8020
8019
8018
11811
11810
2870
11809
11808
11807
11806
7717
7716
11805
11804
11803
11802
1863
1862
1861
1860
1859
1856
2692
1857
1867
1866
2597
1865
1864
11801
3079
3400
12191
1487
11800
2812
1631
11799
7145
11798
7715
11797
2673
2541
1193
12190
4538
2586
6669
6666
6670
6668
6667
6664
6665
6663
8348
8347
8346
8345
8344
8343
8342
8341
8340
8339
8338
8337
8336
8335
8334
8333
8332
8331
8330
8329
8328
8327
8326
8325
8324
8323
8322
8321
8320
8319
8318
8317
12458
12457
4546
4545
4544
4543
4542
4541
4540
4539
7026
8016
8015
8014
11947
7442
7024
7023
7022
7021
7020
7019
7018
7017
9614
7016
7015
7014
9613
7013
7012
7011
7010
7009
7008
8827
8826
7007
7006
8825
8824
7005
7004
8823
7003
8822
8821
8820
8819
7002
7144
7000
6999
6998
6997
6996
6995
6994
6993
6992
6990
6989
6988
6987
6986
6985
6984
6983
6982
6981
6980
8481
8480
8479
8478
8477
6979
6978
6977
6976
6975
8818
6974
6973
6971
11150
11992
11148
11149
11147
11990
11991
12262
11988
11987
11986
11144
11153
11152
11151
11985
11984
11983
11982
11139
11138
11981
11137
11980
11136
11135
11134
6970
6969
11133
6968
12261
6967
12260
12418
12417
11132
6966
11131
11130
6965
12259
11129
11128
11127
12258
11125
12257
12256
6964
6963
11124
12914
12913
12942
12944
12943
12416
12255
12941
12912
12940
12254
12253
12252
12251
12911
12939
12910
12909
12908
12907
12906
12938
11964
12937
12905
12936
12935
11963
12250
12932
12931
12930
12249
12248
12929
12934
12933
12928
12927
12904
12926
12903
9494
6962
6961
11123
11122
11121
6960
6959
6958
8010
8004
8003
2674
2148
11123
11122
11121
6960
6959
6958
8010
8004
8003
2674
2148
2759
1190
2763
2805
8708
2854
9493
1564
2501
11363
11362
1508
6662
2842
3365
1153
12505
936
2212
11361
878
2819
8315
12566
1296
3410
8002
7714
7713
2021
1938
2020
2801
6661
4534
4533
6660
9492
12504
1379
2787
3320
3321
10847
2803
3285
6659
8725
8724
8723
12706
12705
6658
1300
3264
1489
8314
8313
8312
8311
2631
988
2611
987
969
982
2620
2929
2107
2635
985
984
989
2621
970
986
8310
3020
2612
11304
980
6657
983
2610
2619
2622
2624
979
968
981
2115
2570
4532
4531
899
1377
11588
7712
2155
2194
4530
1126
13199
8309
12594
12593
3072
2110
1470
2382
11587
13106
13105
11586
11585
11584
11583
11582
11581
11580
11579
939
8476
8475
1996
11577
2158
1216
8757
4528
8734
8733
8936
2808
1680
2932
2966
11343
8935
11341
11342
8474
2944
2806
10509
3273
8722
8473
8934
8933
8932
13198
12281
12280
12279
6655
3378
1129
3330
3328
1492
1494
3332
2189
3333
3331
3329
1607
8624
1921
8707
2500
2572
945
12643
11561
12620
11562
11559
11558
12659
12658
12657
12656
7711
7710
12642
11563
11560
12619
2200
1538
2741
1636
12920
1413
1387
1545
1164
1531
2098
8844
2849
2851
1085
2427
2428
1282
2795
13154
13153
13152
13151
13150
13149
13148
13147
13146
13145
13144
13143
13142
13141
13140
13139
13138
13137
13136
13178
3043
1048
1224
2549
2925
1597
1383
2988
2847
11212
11210
11209
3046
2834
3064
2420
1301
1577
1505
1292
1583
1407
1058
1056
1729
1363
1165
1985
7441
12021
1638
12919
1316
2188
2187
1835
2890
2896
1394
1728
2754
8931
2926
8472
11758
13079
3352
6035
6034
7440
11100
11099
11098
11097
11096
11094
11093
11092
11091
11090
11089
11088
11087
11086
11085
11084
11083
11082
11081
11080
11079
11078
11077
11075
11074
11073
11072
11071
11070
11069
11067
11066
11065
11064
11063
11062
11061
11060
11059
11057
11056
11055
11054
11053
11052
11050
11049
11048
11047
11046
11045
11044
11042
11041
11040
11039
11038
11037
11036
11035
11034
11033
11032
11031
11030
11029
11028
11027
11026
11025
11024
11023
11022
11021
11020
11019
11018
11017
11016
11015
11014
11013
11012
11011
11010
11009
11008
11007
11006
11005
11004
11003
11002
11001
11000
10998
10997
10996
10995
10994
10993
10992
10991
10990
10989
10988
10987
10985
10984
10983
10982
10981
10980
10979
10978
10977
10976
10975
10974
10973
10972
10970
10969
10967
10966
10965
10964
10963
10961
10960
10959
10958
10957
10956
10955
10954
10953
10952
10951
10950
10949
10948
10947
10946
10945
10943
10942
10941
10940
10939
10934
10931
10930
10929
10928
10927
10925
10923
10922
10921
10920
10919
10918
10917
10916
10915
10914
10911
10910
10909
10908
10907
10906
10905
10904
10903
10902
10901
10900
10898
10897
10896
10895
10894
10893
10892
10891
10890
10889
10888
10887
10886
10885
10884
10883
10882
10881
10880
10879
10878
10877
10876
10874
10873
10872
10871
10870
10868
10867
10866
10865
10864
10863
10862
10860
10858
10857
10855
10854
10853
10852
11424
11423
11422
11421
11420
12278
1109
1897
1161
1163
1025
4525
4524
2585
2532
12509
1026
2879
2019
1278
1138
1463
1912
3292
6015
6957
7143
3293
8000
7709
3296
3294
4523
959
7439
2663
2690
1855
1194
1854
1698
1507
3311
1943
8706
2086
2874
7708
7707
2910
924
7142
8306
4521
1116
1773
1751
3173
12772
12771
12770
12769
12347
2977
2978
2976
3227
3381
2970
4522
1360
1092
5978
7438
7437
5977
5976
2085
1422
2844
2807
2784
1195
1585
1103
7706
7705
6956
13054
13053
13050
13049
13048
13047
13111
13110
13046
13045
13109
13108
13044
13043
13436
13434
13433
13432
13431
13042
13041
13040
13039
13036
13035
13033
13032
13031
13029
13028
13027
13026
13025
13024
13023
13020
13018
13017
13016
13015
5967
6647
6646
5964
5962
6642
5960
5959
6644
5958
12558
11777
11959
11958
11950
8519
8517
8515
8516
8514
8512
8511
8510
8509
8508
8507
11339
12761
8506
8505
8504
13075
13074
13073
13258
13254
13071
13070
12090
12089
7141
7140
7139
7138
7137
7136
7135
7134
7133
7132
7131
7130
7129
7128
7127
7126
7125
7124
7123
7122
7121
7436
7120
7119
7118
4520
4519
4518
4517
4516
4515
4514
4513
4512
4511
4510
7435
7434
7433
7432
7431
7430
7429
7428
7427
13012
13011
13010
13009
13008
13007
13006
13005
13004
13003
13002
13001
13000
12997
12999
12998
12996
12995
12994
12993
12992
12991
12990
12989
11402
7999
7998
7997
6955
6954
6953
11730
8756
8755
11398
8754
12421
12809
8305
7996
7995
12598
7994
7993
7992
7991
7990
7989
7988
7987
8097
7986
7985
7984
7983
8096
7982
7981
7980
8471
11848
7979
7978
7977
12482
12480
12479
11724
11722
11721
7976
8926
12016
11647
8304
8817
9485
9484
8468
11884
12861
8303
13197
11411
12015
11994
11929
13466
13132
12654
12653
7975
13261
10112
11436
9483
11435
13260
13131
10111
11434
9482
11433
7974
7973
7972
7971
7970
7969
7968
7967
7966
7965
7964
7963
7962
7961
8302
7959
8301
13077
8300
7958
7957
7956
7955
7954
11966
12870
11718
7953
8095
7952
8299
8298
8297
7951
7950
7949
7948
8296
7947
7946
7945
7944
8467
7943
8295
7942
8618
7941
8294
7940
8293
8094
7939
12465
7938
7937
7936
7935
8093
7934
7933
8292
12014
8291
8290
7932
8289
8288
8286
8287
11717
8466
7931
8925
8924
8285
8815
8283
7930
7929
8282
8281
11335
8280
8279
7928
7927
7926
8278
7925
8092
8091
7924
8611
8610
8274
8088
7923
7922
7921
8923
8922
8921
11555
8920
8919
8918
11554
11326
8917
8916
8914
8913
7920
7299
7919
7918
13295
13293
13292
13291
13290
13289
13288
13287
13286
13285
10507
8273
13324
8272
7915
8461
7914
12346
8460
8087
8271
8270
8459
8269
8268
8267
8266
7913
8265
8264
8912
8911
8814
8813
8457
12807
8263
12703
8456
8455
13465
13130
8262
8261
8083
8086
7912
8085
7911
7910
8260
8259
8258
7909
7908
8257
7907
8454
8256
8453
7906
7905
7904
7903
7902
7901
8081
8080
7900
8079
7899
7898
8255
8254
7897
7896
7895
8253
7894
8252
8251
8250
8452
7893
8248
8078
8247
8246
8077
8076
8244
8243
8749
11553
7892
11715
7891
7889
7888
7890
7887
11310
7886
7885
7884
7883
7882
12590
7881
7880
13461
8747
7879
7878
7877
8447
8444
8443
7873
7872
7870
7867
7864
7863
7861
7860
7857
7856
7855
7853
12009
8237
12273
8223
8222
7848
8215
7844
7843
7842
7841
7840
7839
13283
13282
8213
8901
8900
8899
8897
8896
8894
7835
11183
10752
7833
7832
7831
8075
7826
12468
9021
8203
8202
8200
8197
8178
12477
11164
11163
13464
7822
7819
7803
5946
5942
5940
5939
5933
8176
5931
5930
5924
5922
5921
8713
12548
12547
12546
8892
8891
8889
8888
12695
11296
7115
7108
7426
7107
8170
7104
7094
11295
11294
7423
7422
7421
7091
7087
7086
7418
7085
7083
7082
7077
7074
7073
7072
13188
7415
4483
4472
4473
4489
4479
9478
7414
7413
11995
9054
9047
9109
9036
11925
11917
11916
11906
11904
12962
12957
2535
5907
1167
1043
3282
1108
2133
3259
5893
5890
2185
4509
12083
8842
12082
9477
1559
13400
13398
13396
13395
13394
13392
13390
13388
13386
4505
8841
2912
2911
2605
2920
2914
2615
943
1125
2898
2899
2184
2183
4504
1817
12270
1159
1477
2693
757
8840
2181
13120
1621
10767
10762
10760
10758
3055
1786
1248
2579
8839
2180
1078
2997
11944
11940
7702
7700
7699
8838
1219
1421
6947
12886
1311
1391
997
1820
2730
8837
2727
2334
2120
1214
3262
3097
3140
3144
1220
1777
1263
2580
2750
2106
2035
2756
2059
2824
2040
3359
3172
1498
2777
1156
3031
2361
1143
1687
1160
3307
1756
763
1223
2177
2018
1140
1174
6946
12269
7697
1658
8431
1554
1246
4496
4494
1231
1123
1520
1903
1306
2468
12268
12080
2527
8600
12530
12529
12528
12527
12526
12525
12524
2109
7695
12523
2108
12521
8430
12522
13591
13590
13589
13588
13587
13586
13584
13583
13582
13581
13580
13579
13578
13577
13576
13575
13574
13573
13571
13570
13569
13567
13598
13607
13606
13605
13604
13639
13638
13635
13634
13633
13632
13631
13630
13629
13628
12886
2096
1311
2973
1096
8887
8433
1391
997
11359
11358
11357
5740
11356
1820
2730
11202
946
3314
7794
2813
2118
2469
8837
2727
2334
12768
2990
11388
3322
2120
1634
800
1214
3262
1063
3097
3140
3144
3141
3143
1220
1681
1936
1523
1777
1263
1225
1721
12081
2580
3373
2750
2773
2386
2106
2058
2037
2035
2036
3035
2756
2059
2824
958
2841
2040
3359
3305
3172
1498
2777
2179
1156
1180
977
3029
3031
3030
1496
2361
1143
6945
1469
2344
1107
1106
1105
1687
1642
1955
2178
1609
1160
8886
3307
2003
2002
2009
2008
3110
1757
1756
1755
1754
1753
1769
4501
763
1465
1665
1664
1575
3179
3178
3166
3180
3177
3175
2919
1223
2177
2018
1140
6943
2664
1174
6946
2705
2088
2967
1644
12801
8432
1874
2452
1875
2979
3124
5654
12269
7698
7697
2791
1658
8431
3301
6944
3302
7793
7792
3304
3303
7791
7696
11594
11711
2455
1554
1217
1246
4496
894
920
898
897
4495
4499
4498
4497
6942
4494
1231
1123
1520
1903
1306
2186
1304
1222
1902
2853
2468
1527
1693
12268
1745
1838
1743
12080
2524
2527
2525
2467
8601
11354
11355
8600
12530
12529
12528
1709
12527
1708
4493
12526
1707
12525
1706
12524
2109
7695
7694
12523
2108
12521
5567
8430
12522
12608
12572
12567
12561
13591
13590
13589
13588
13587
13586
13585
13584
13583
13582
13581
13580
13579
13578
13577
13576
13575
13574
13573
13572
13571
13570
13569
13567
13599
13598
13607
13606
13605
13604
1196
13639
13638
13635
13634
13633
13632
13631
13630
13629
13628
