1849
10526
13492
8972
2927
787
788
786
784
785
783
9593
2757
2846
2865
13098
13093
9085
12613
875
12609
2297
2743
1005
1616
2117
12898
1196
1127
1298
1307
861
3066
1600
1322
1100
12668
9620
1264
1355
12098
7246
1249
976
975
972
971
4609
1210
1218
11368
858
2038
9504
829
13469
1088
1289
1599
9110
12791
12790
11185
12782
12781
12780
2609
8726
12067
2545
2393
2568
12367
12284
11223
6991
8316
8013
8012
8098
8846
8845
8009
8008
8007
4535
8626
8006
8005
2675
2087
2032
2031
2030
2029
8316
8013
8012
8098
8846
8845
8009
8008
8007
4535
8626
8006
8005
2675
2087
2032
2031
2030
2029
2028
2193
2345
948
2701
3229
3228
2542
895
11258
11208
11207
2412
2411
2413
2410
2481
1175
2405
1178
1212
3351
3353
3355
1727
1334
1479
1603
12635
12634
3078
12633
2508
1673
1257
1843
1395
1327
1328
1329
1396
2039
1995
1910
1417
1351
1397
1764
1330
1935
1333
1332
1393
1940
4527
1449
1059
1057
1060
8307
4526
933
1986
1524
944
2811
1386
3317
3316
13367
12020
12019
12018
12017
2629
12091
12854
12857
12856
12855
12966
11095
11076
11068
11058
11051
11043
10999
10986
10971
10968
10962
10944
10938
10937
10936
10935
10933
10932
10926
10924
10913
10912
10899
10875
10869
10861
10859
10856
13134
13133
12965
11767
8623
11593
11732
2878
1696
1155
13052
13051
13435
13038
13037
13034
13030
13022
13021
13019
13014
12690
8518
8513
11340
13257
13255
13256
13263
13262
13072
13069
12088
12087
13013
12685
11401
11413
11412
11400
11731
11729
8690
8929
11780
8622
8689
11727
8688
13246
13245
11967
11648
9491
10116
11444
9490
11443
9489
10115
11442
9488
11441
8928
11382
12655
10114
11440
9487
11439
9612
10113
11438
9486
11437
9611
13078
11381
11576
11379
11378
11377
11385
11376
11375
11847
11374
8721
11726
11725
11723
11720
11557
8927
12086
8816
8621
12704
9609
11883
11338
11337
8620
8619
11719
11766
8617
8616
8615
8614
8613
12013
11336
11334
11333
11332
11331
11328
8612
11324
11325
8915
11323
11321
11322
13294
13349
8715
12760
11716
11778
12012
11646
8609
11882
12276
11410
12011
11993
11928
11320
8910
12806
12805
12804
8750
12702
12701
11319
11318
11317
11316
11315
11314
11312
11311
8909
8908
13195
13194
13196
13232
11309
11308
8748
12010
10452
8450
8449
8448
8446
8445
7876
7875
7874
7871
7868
7866
7865
7862
7859
7858
7854
8242
8608
13284
8241
7852
8240
8812
8607
8907
13366
13365
8239
11645
12700
13193
8238
8236
8235
11545
8234
8233
8732
8442
8906
8905
12420
11552
8232
8231
12006
8230
8719
8441
8229
12493
11551
8904
12803
12802
8228
8227
8226
8225
8224
11927
13406
8606
8731
8440
8220
12271
8605
12699
12924
12697
12696
7851
8219
8218
8217
8746
8216
12641
11550
11549
12618
8903
11926
12964
13430
7846
11714
12652
8214
13129
8902
8714
11307
11305
11306
8898
8895
11765
7838
7837
8212
8211
8210
7836
12508
11181
8208
11180
8209
11182
11713
7834
7830
7829
7828
7827
7825
8074
8073
8072
8071
12469
12456
8207
8206
12467
9027
9022
9020
9019
8205
8204
9018
9017
9016
8201
8198
8196
10751
8195
8194
9026
9025
10696
8192
8191
8190
8189
8188
8187
8186
10750
8184
8183
8182
8181
10700
10699
10749
10695
12189
10694
10748
10747
10746
10745
10744
10743
10742
10741
10740
10739
10823
10822
10821
10820
10818
10817
10816
10815
10814
10846
10738
11179
12188
10813
12187
10845
10844
10843
10842
11178
10840
10839
10838
10837
10737
10736
10735
10734
10733
10732
10731
10730
10729
10728
11177
10778
10777
10776
12455
12454
12453
12452
12451
12450
10811
10810
10836
10835
10809
10808
10807
12449
10806
10805
10775
10774
10773
10772
11176
11175
11174
11173
11172
11171
11170
11169
11168
11167
12186
10804
10803
10802
10800
10799
10798
10797
10796
10795
10726
10725
10724
10721
10641
10693
10640
10771
10639
10638
10720
10719
10794
10834
11166
12185
10793
12184
10792
10637
10717
10716
10715
10636
10635
10634
10633
10714
10713
10712
10632
10692
10711
10710
10630
10709
10708
10629
10628
10707
10706
10791
10833
12448
11165
12183
10790
12182
10627
10626
10705
10625
12181
10624
10704
10832
10831
10703
10702
10701
11162
12180
12179
10623
10622
10830
10691
10690
10689
7824
12085
12492
12963
13429
13128
13281
7823
7821
7820
12178
12177
7818
8177
7817
7816
7814
7813
7812
7811
7810
7809
7808
12176
7807
7806
12005
8439
7805
7804
7802
7801
7800
7799
5945
5944
5943
5941
11712
5938
5937
5934
11399
5936
5935
5932
5929
5928
5927
5926
5925
5923
5920
8175
8174
8712
8718
8711
8710
8709
8438
12549
12557
8893
8730
9481
8173
8890
8437
9480
8171
12694
13364
7117
7116
11776
7114
7113
11774
11773
7111
11772
11771
11770
7109
11769
7425
7106
7105
7103
7102
7101
7100
7099
7098
7097
7096
7095
7093
9479
7092
7424
7090
7089
7420
7419
7088
7084
7081
7080
7079
7078
7417
12563
7076
7075
12562
7416
13192
13191
13190
13189
13183
4474
4471
4475
4481
7798
7797
9608
7412
11997
11996
7795
12607
6952
6951
6950
9063
9062
9061
9060
9059
9058
9057
9056
9055
9053
9052
9051
9050
9049
9048
9046
9045
9044
9043
9042
9041
9040
9039
9038
9037
9035
7411
7071
7070
6949
6948
11924
11923
11922
11921
11920
11919
11918
11915
11914
11913
11912
11911
11910
11909
11908
11907
11905
2592
2593
11360
11764
12961
12960
13428
13427
12959
12958
12956
13426
12955
12954
13127
13463
13425
12953
13126
2471
1042
12651
12650
12693
1054
1055
1053
2523
2126
12692
12166
1006
6609
6607
2544
12853
12852
12851
3098
3100
2050
2049
1947
4507
1810
1948
1784
1787
1781
2558
1779
1946
4506
12000
13361
12003
13363
13362
12084
8604
4508
8436
8435
9008
9007
9006
9005
9004
9003
7410
767
965
3312
7409
5876
5875
8434
5874
8168
8167
8166
13404
13403
13402
13405
13401
13399
13397
13393
13391
13389
13387
883
2647
1032
2913
2642
3267
11796
11795
11794
12165
12164
3081
2901
2182
1812
13104
2959
2958
2957
2956
2954
1097
1091
1541
2640
2641
13103
13102
760
758
7408
759
756
847
2681
755
2889
2680
781
1522
13124
13123
13125
13122
13121
11998
13119
2141
1918
2694
1919
2507
8165
1944
1934
1945
2470
1968
2602
4503
4502
8164
2707
11946
10829
3161
11945
8705
2706
12447
3278
11161
2876
1971
1970
1969
1977
1975
1974
1973
1972
11189
12175
3160
10621
10620
10619
12174
12173
11961
8603
10698
10769
10789
10788
10768
10766
10765
10764
10763
10787
10761
10786
10759
10785
10757
10756
10784
1908
7407
12560
1432
2644
1157
2651
12649
776
2649
8503
8602
1734
1182
2034
1649
2894
11943
11942
11941
1569
7704
7703
7701
2788
1766
3007
1011
2836
2096
2973
1096
8887
8433
11359
11358
11357
5740
11356
11202
946
3314
7794
2813
2118
2469
12768
2990
11388
3322
1634
800
1063
3141
3143
1681
1936
1523
1225
1721
12081
3373
2773
2386
2058
2037
2036
3035
958
2841
3305
2179
1180
977
3029
3030
1496
6945
1469
2344
1107
1106
1105
1642
1955
2178
1609
8886
2003
2002
2009
2008
3110
1757
1755
1754
1753
1769
4501
1465
1665
1664
1575
3179
3178
3166
3180
3177
3175
2919
6943
2664
2705
2088
2967
1644
12801
8432
1874
2452
1875
2979
3124
5654
7698
2791
3301
6944
3302
7793
7792
3304
3303
7791
7696
11594
11711
2455
1217
894
920
898
897
4495
4499
4498
4497
6942
2186
1304
1222
1902
2853
1527
1693
1745
1838
1743
2524
2525
2467
8601
11354
11355
1709
1708
4493
1707
1706
7694
5567
12608
12572
12567
12561
13585
13572
13599
1196
