12886
2096
1311
2973
1096
8887
8433
1391
997
11359
11358
11357
5740
11356
1820
2730
11202
946
3314
7794
2813
2118
2469
8837
2727
2334
12768
2990
11388
3322
2120
1634
800
1214
3262
1063
3097
3140
3144
3141
3143
1220
1681
1936
1523
1777
1263
1225
1721
12081
2580
3373
2750
2773
2386
2106
2058
2037
2035
2036
3035
2756
2059
2824
958
2841
2040
3359
3305
3172
1498
2777
2179
1156
1180
977
3029
3031
3030
1496
2361
1143
6945
1469
2344
1107
1106
1105
1687
1642
1955
2178
1609
1160
8886
3307
2003
2002
2009
2008
3110
1757
1756
1755
1754
1753
1769
4501
763
1465
1665
1664
1575
3179
3178
3166
3180
3177
3175
2919
1223
2177
2018
1140
6943
2664
1174
6946
2705
2088
2967
1644
12801
8432
1874
2452
1875
2979
3124
5654
12269
7698
7697
2791
1658
8431
3301
6944
3302
7793
7792
3304
3303
7791
7696
11594
11711
2455
1554
1217
1246
4496
894
920
898
897
4495
4499
4498
4497
6942
4494
1231
1123
1520
1903
1306
2186
1304
1222
1902
2853
2468
1527
1693
12268
1745
1838
1743
12080
2524
2527
2525
2467
8601
11354
11355
8600
12530
12529
12528
1709
12527
1708
4493
12526
1707
12525
1706
12524
2109
7695
7694
12523
2108
12521
5567
8430
12522
12608
12572
12567
12561
13591
13590
13589
13588
13587
13586
13585
13584
13583
13582
13581
13580
13579
13578
13577
13576
13575
13574
13573
13572
13571
13570
13569
13567
13599
13598
13607
13606
13605
13604
1196
13639
13638
13635
13634
13633
13632
13631
13630
13629
13628